0 0.42187500 0.04594181 0.00911458 0.01071975
0 0.48111979 0.04594181 0.00911458 0.01071975
0 0.60351562 0.04594181 0.00911458 0.01071975
0 0.72591146 0.04594181 0.00911458 0.01071975
0 0.85221354 0.04594181 0.00911458 0.01071975
0 0.87890625 0.12557427 0.00911458 0.01071975
0 0.85026042 0.29862175 0.00911458 0.01071975
0 0.60351562 0.29862175 0.00911458 0.01071975
0 0.85026042 0.45865237 0.00911458 0.01071975
0 0.60351562 0.45865237 0.00911458 0.01071975
0 0.87890625 0.63323124 0.00911458 0.01071975
0 0.48111979 0.70367534 0.00911458 0.01071975
0 0.60351562 0.70367534 0.00911458 0.01071975
0 0.48111979 0.72434916 0.00911458 0.01071975
0 0.60677083 0.72434916 0.00911458 0.01071975
0 0.73177083 0.72434916 0.00911458 0.01071975
0 0.85091146 0.72434916 0.00911458 0.01071975
1 0.44628906 0.11906585 0.06315104 0.00689127
1 0.54134115 0.11906585 0.11132812 0.00689127
1 0.66569010 0.11906585 0.10611979 0.00689127
1 0.78971354 0.11906585 0.11067708 0.00689127
1 0.41471354 0.22741194 0.00520833 0.21439510
1 0.47786458 0.22741194 0.00520833 0.21439510
1 0.59700521 0.22741194 0.00520833 0.21439510
1 0.64257812 0.22741194 0.00520833 0.21439510
1 0.71875000 0.22741194 0.00520833 0.21439510
1 0.84505208 0.22741194 0.00520833 0.21439510
1 0.87434896 0.17113323 0.00651042 0.09111792
1 0.87434896 0.27718224 0.00651042 0.11485452
1 0.87434896 0.38897397 0.00651042 0.10260337
1 0.87434896 0.50535988 0.00651042 0.12404288
1 0.87434896 0.60604900 0.00651042 0.07120980
1 0.41959635 0.33384380 0.11653646 0.00612557
1 0.53743490 0.33384380 0.11914062 0.00612557
1 0.65787760 0.33384380 0.12174479 0.00612557
1 0.78190104 0.33384380 0.12630208 0.00612557
1 0.41959635 0.38131700 0.11653646 0.00612557
1 0.53743490 0.38131700 0.11914062 0.00612557
1 0.65787760 0.38131700 0.12174479 0.00612557
1 0.78190104 0.38131700 0.12630208 0.00612557
1 0.41959635 0.44104135 0.11653646 0.00612557
1 0.53743490 0.44104135 0.11914062 0.00612557
1 0.65787760 0.44104135 0.12174479 0.00612557
1 0.78190104 0.44104135 0.12630208 0.00612557
1 0.41959635 0.50382848 0.11653646 0.00612557
1 0.53743490 0.50382848 0.11914062 0.00612557
1 0.65787760 0.50382848 0.12174479 0.00612557
1 0.78190104 0.50382848 0.12630208 0.00612557
1 0.41471354 0.57350689 0.00520833 0.13629403
1 0.47786458 0.57350689 0.00520833 0.13629403
1 0.59700521 0.57330689 0.00520833 0.13629403
1 0.64257812 0.57350689 0.00520833 0.13629403
1 0.71875000 0.57350689 0.00520833 0.13629403
1 0.84505208 0.57330689 0.00520833 0.13629403
1 0.50488281 0.70329250 0.05403646 0.00689127
1 0.5677083 0.70329250 0.07161458 0.00689127
1 0.66471354 0.70329250 0.12239583 0.00689127
1 0.78548177 0.70329250 0.11914062 0.00689127
2 0.44661458 0.08499234 0.06250000 0.06891271
2 0.53743490 0.08499234 0.11914062 0.06891271
2 0.61979167 0.08499234 0.04557292 0.06891271
2 0.68066406 0.08499234 0.07617188 0.06891271
2 0.78190104 0.08499234 0.12630208 0.06891271
2 0.88541667 0.20520674 0.01302083 0.15926493
2 0.88541667 0.36906585 0.01302083 0.16845329
2 0.88541667 0.54747320 0.01302083 0.18836141
2 0.50488281 0.67113323 0.05403646 0.05742726
2 0.56770833 0.67113323 0.07161458 0.05742726
2 0.68424479 0.67113323 0.08333333 0.05742726
2 0.78548177 0.67113323 0.11914062 0.05742726
